
[64993.75,29906.00],
[7232.25,40979.00],
[3989.50,44618.00],
[5240.00,42633.00],
[58110.75,30860.00],
[56247.75,31153.00],
[9303.50,39009.00],
[22286.75,34571.00],
[8623.25,39390.00],
[26790.75,33618.00],
[47454.75,31276.00],
[7318.50,39980.00],
[30364.75,33140.00],
[14452.75,36489.00],
[33070.75,32782.00],
[13466.50,36992.00],
[6516.00,41794.00],
[27593.75,33474.00],
[12149.75,37472.00],
[29497.75,33264.00],
[20619.50,34797.00],
[43297.75,31894.00],
[26790.75,33631.00],
[26790.75,33631.00],
[10699.75,38359.00],
[11160.25,38257.00],
[59316.75,30646.00],
[27593.75,33475.00],
[33715.75,32672.00],
[10708.25,38276.00],
[29497.75,33252.00],
[17535.50,35563.00],
[21746.75,34579.00],
[26071.75,33637.00],
[14223.50,36788.00],
[22783.75,34322.00],
[17232.50,35638.00],
[21500.50,34601.00],
[16356.75,35694.00],
[25929.50,33820.00],
[22369.75,34484.00],
[35673.75,32303.00],
[23427.75,34093.00],
[27593.75,33475.00],
[20635.75,34709.00],
[9876.00,38957.00],
[14274.75,36671.00],
[20170.75,34879.00],
[19703.50,35041.00],
[14095.25,36798.00],
[31620.75,32881.00],
[30069.75,33171.00],
[15413.50,36327.00],
[23755.75,33850.00],
[27565.50,33483.00],
[45899.50,31542.00],
[30364.75,33140.00],
[18817.75,35047.00],
[11753.25,37766.00],
[28778.75,33289.00],
[17559.75,35163.00],
[22623.75,34390.00],
[20371.75,34847.00],
[23395.75,34181.00],
[34879.75,32506.00],
[29497.75,33240.00],
[46343.75,31385.00],
[27159.75,33497.00],
[12145.50,37525.00],
[30893.75,33001.00],
[33269.50,32736.00],
[32108.75,32788.00],
[19736.75,34908.00],
[16356.75,35694.00],
[38157.75,32087.00],
[21069.75,34602.00],
[25071.50,33822.00],
[15463.50,36154.00],
[43605.75,31647.00],
[34213.75,32669.00],
[41828.75,31998.00],
[44482.75,31629.00],
[48817.75,31169.00],
[27159.75,33543.00],
[34393.75,32565.00],
[12709.75,37180.00],
tot = 86
