100 500
9843.000000 6082.000000 13221.000000 1937.000000 10288.000000 22144.000000 981.000000 17759.000000 5699.000000 5687.000000 10329.000000 10329.000000 10329.000000 10329.000000 
0 88 64 560 4 0 0 0 0 0 0 0 0 0 
202 0 0 0 0 0 0 0 0 0 0 0 0 0 
128 128 0 0 0 0 0 0 0 0 0 0 0 0 
0 0 512 0 0 0 0 0 0 0 0 0 0 0 
62 64 296 0 0 521 61 515 4 4 164 164 164 164 
0 176 0 0 0 0 0 0 0 0 0 0 0 0 
8 0 4 0 4 4 0 76 0 0 0 0 0 0 
4 0 0 0 0 260 16 0 560 560 147 147 147 147 
0 0 0 0 0 0 0 0 0 0 768 768 0 0 
0 0 0 0 0 0 0 0 0 0 0 0 768 768 
0 0 0 0 0 266 0 264 0 0 0 0 0 0 
0 0 0 0 0 64 0 72 0 0 0 0 0 0 
0 0 0 0 0 266 0 264 0 0 0 0 0 0 
0 0 0 0 0 64 0 72 0 0 0 0 0 0 