[195296.50,558.00],
[91826.50,4282.00],
[39287.25,6370.00],
[111155.50,3551.00],
[69058.25,5164.00],
[162045.50,1342.00],
[125912.50,3195.00],
[55373.75,5852.00],
[148921.75,1930.00],
[105906.25,3942.00],
[183132.50,848.00],
[40650.25,5926.00],
[175807.75,1197.00],
[175807.75,1197.00],
[19863.25,7051.00],
[142068.50,2638.00],
[183132.50,848.00],
[133947.50,2920.00],
[128263.75,3037.00],
[181170.50,1009.00],
[152561.50,1833.00],
[142068.50,2638.00],
[145222.25,2590.00],
[30202.25,6998.00],
[110374.25,3628.00],
[133947.50,3008.00],
[154523.50,1676.00],
[18446.25,7992.00],
[17154.25,9675.00],
[154523.50,1676.00],
[89561.50,4962.00],
[122491.50,3391.00],
[147184.25,2231.00],
tot = 33
