[3394.00,13.33],
[3394.00,13.33],
[3394.00,13.33],
[2548.00,45.33],
[2548.00,45.33],
[3394.00,13.33],
[3394.00,13.33],
[3394.00,13.33],
[3394.00,13.33],
[2548.00,45.33],
[3394.00,13.33],
[3394.00,13.33],
[3394.00,13.33],
[3394.00,13.33],
[3394.00,13.33],
[3394.00,13.33],
[2548.00,45.33],
[3394.00,13.33],
[2548.00,45.33],
[2548.00,45.33],
[2548.00,45.33],
[2548.00,45.33],
[2548.00,45.33],
[3394.00,13.33],
[2548.00,45.33],
[2548.00,45.33],
[2548.00,45.33],
[2548.00,45.33],
[3394.00,13.33],
[3394.00,13.33],
[3394.00,13.33],
[2548.00,45.33],
[2548.00,45.33],
[3394.00,13.33],
[2548.00,45.33],
[2548.00,45.33],
[2548.00,45.33],
[2548.00,45.33],
[3394.00,13.33],
[2548.00,45.33],
[2548.00,45.33],
[2548.00,45.33],
[2548.00,45.33],
[3394.00,13.33],
[2548.00,45.33],
[4180.00,5.33],
[2548.00,45.33],
[2548.00,45.33],
[2548.00,45.33],
[2548.00,45.33],
[2548.00,45.33],
[2548.00,45.33],
[2548.00,45.33],
[2548.00,45.33],
[2548.00,45.33],
[3394.00,13.33],
[3394.00,13.33],
[2548.00,45.33],
[3394.00,13.33],
[2548.00,45.33],
[4180.00,5.33],
[2548.00,45.33],
[2548.00,45.33],
[2548.00,45.33],
[2548.00,45.33],
[2548.00,45.33],
[2548.00,45.33],
[2548.00,45.33],
[2548.00,45.33],
[2548.00,45.33],
[3394.00,13.33],
[2548.00,45.33],
[2548.00,45.33],
[2548.00,45.33],
[2548.00,45.33],
[2548.00,45.33],
[2548.00,45.33],
[3394.00,13.33],
[3394.00,13.33],
[2772.00,29.33],
[3394.00,13.33],
[3394.00,13.33],
[3394.00,13.33],
[2548.00,45.33],
[2548.00,45.33],
[2548.00,45.33],
[2548.00,45.33],
[2548.00,45.33],
[2548.00,45.33],
[2548.00,45.33],
[2548.00,45.33],
[2548.00,45.33],
[2548.00,45.33],
[2548.00,45.33],
[2548.00,45.33],
[2548.00,45.33],
[2548.00,45.33],
[3394.00,13.33],
[2548.00,45.33],
[3394.00,13.33],
[2548.00,45.33],
[3394.00,13.33],
[2548.00,45.33],
[3394.00,13.33],
[2548.00,45.33],
[2548.00,45.33],
[2548.00,45.33],
[3394.00,13.33],
[2548.00,45.33],
[3394.00,13.33],
[2548.00,45.33],
[2548.00,45.33],
[2548.00,45.33],
[3394.00,13.33],
[2548.00,45.33],
[3394.00,13.33],
[2548.00,45.33],
[2548.00,45.33],
[3394.00,13.33],
[3394.00,13.33],
[3394.00,13.33],
[2548.00,45.33],
[3394.00,13.33],
[2548.00,45.33],
[2548.00,45.33],
[2548.00,45.33],
[2548.00,45.33],
[2548.00,45.33],
[2548.00,45.33],
[2548.00,45.33],
[2548.00,45.33],
[2548.00,45.33],
[2548.00,45.33],
[2548.00,45.33],
[2548.00,45.33],
[3394.00,13.33],
[2548.00,45.33],
[2548.00,45.33],
[2548.00,45.33],
[2548.00,45.33],
[2548.00,45.33],
[2548.00,45.33],
[2548.00,45.33],
[2548.00,45.33],
[2548.00,45.33],
[2548.00,45.33],
[3394.00,13.33],
[3394.00,13.33],
[2548.00,45.33],
[2548.00,45.33],
[2548.00,45.33],
[3394.00,13.33],
[2548.00,45.33],
[2548.00,45.33],
[2548.00,45.33],
[2548.00,45.33],
[2548.00,45.33],
[3394.00,13.33],
[3394.00,13.33],
[2548.00,45.33],
[2548.00,45.33],
[2548.00,45.33],
[2548.00,45.33],
[2548.00,45.33],
[2548.00,45.33],
[3394.00,13.33],
[2548.00,45.33],
[3394.00,13.33],
[2548.00,45.33],
[2548.00,45.33],
[2548.00,45.33],
[2548.00,45.33],
[2548.00,45.33],
[2548.00,45.33],
[3394.00,13.33],
[2548.00,45.33],
[2548.00,45.33],
[2548.00,45.33],
[2548.00,45.33],
[2548.00,45.33],
tot = 180
