[92.00,1.00],
[92.00,1.00],
[92.00,1.00],
[92.00,1.00],
[92.00,1.00],
[92.00,1.00],
[92.00,1.00],
[92.00,1.00],
[92.00,1.00],
[92.00,1.00],
[92.00,1.00],
[92.00,1.00],
[92.00,1.00],
[92.00,1.00],
[92.00,1.00],
[92.00,1.00],
[92.00,1.00],
[92.00,1.00],
[92.00,1.00],
[92.00,1.00],
[92.00,1.00],
[92.00,1.00],
[92.00,1.00],
[92.00,1.00],
[92.00,1.00],
[92.00,1.00],
[92.00,1.00],
[92.00,1.00],
[92.00,1.00],
[92.00,1.00],
[92.00,1.00],
[92.00,1.00],
[92.00,1.00],
[92.00,1.00],
[92.00,1.00],
[92.00,1.00],
[92.00,1.00],
[92.00,1.00],
tot = 38
time: 6.967s