[126.00,3.50],
[126.00,3.50],
[118.00,7.00],
[128.00,1.50],
[128.00,1.50],
[128.00,1.50],
[128.00,1.50],
[128.00,1.50],
[126.00,3.50],
[128.00,1.50],
[128.00,1.50],
[128.00,1.50],
[128.00,1.50],
[128.00,1.50],
[128.00,1.50],
[128.00,1.50],
[128.00,1.50],
[128.00,1.50],
[128.00,1.50],
[128.00,1.50],
[128.00,1.50],
[128.00,1.50],
[128.00,1.50],
[128.00,1.50],
[128.00,1.50],
[126.00,3.50],
[126.00,3.50],
[126.00,3.50],
[128.00,1.50],
[128.00,1.50],
[128.00,1.50],
[128.00,1.50],
[128.00,1.50],
[126.00,3.50],
[128.00,1.50],
[126.00,3.50],
[128.00,1.50],
[128.00,1.50],
[126.00,3.50],
[128.00,1.50],
[128.00,1.50],
[128.00,1.50],
[128.00,1.50],
[128.00,1.50],
[128.00,1.50],
[128.00,1.50],
[128.00,1.50],
[128.00,1.50],
[128.00,1.50],
[128.00,1.50],
[128.00,1.50],
[128.00,1.50],
[128.00,1.50],
[128.00,1.50],
[128.00,1.50],
[128.00,1.50],
[128.00,1.50],
[128.00,1.50],
[128.00,1.50],
[128.00,1.50],
[128.00,1.50],
[128.00,1.50],
[116.00,11.00],
[128.00,1.50],
[128.00,1.50],
[128.00,1.50],
[128.00,1.50],
[128.00,1.50],
[128.00,1.50],
[128.00,1.50],
[128.00,1.50],
[128.00,1.50],
[128.00,1.50],
[128.00,1.50],
[128.00,1.50],
[128.00,1.50],
[128.00,1.50],
[128.00,1.50],
[128.00,1.50],
[128.00,1.50],
[128.00,1.50],
[110.00,27.50],
[128.00,1.50],
[126.00,3.50],
[128.00,1.50],
[128.00,1.50],
[128.00,1.50],
[128.00,1.50],
[128.00,1.50],
[128.00,1.50],
[128.00,1.50],
[116.00,11.00],
[128.00,1.50],
[128.00,1.50],
[128.00,1.50],
[128.00,1.50],
[128.00,1.50],
[128.00,1.50],
[128.00,1.50],
[128.00,1.50],
[128.00,1.50],
[128.00,1.50],
[128.00,1.50],
[128.00,1.50],
[128.00,1.50],
[128.00,1.50],
[128.00,1.50],
[128.00,1.50],
[128.00,1.50],
[128.00,1.50],
[128.00,1.50],
[128.00,1.50],
[128.00,1.50],
[128.00,1.50],
[128.00,1.50],
[128.00,1.50],
[128.00,1.50],
[128.00,1.50],
[128.00,1.50],
[128.00,1.50],
[128.00,1.50],
[128.00,1.50],
[128.00,1.50],
[128.00,1.50],
[128.00,1.50],
[128.00,1.50],
[128.00,1.50],
[128.00,1.50],
[128.00,1.50],
[128.00,1.50],
[128.00,1.50],
[128.00,1.50],
[128.00,1.50],
[128.00,1.50],
[128.00,1.50],
[128.00,1.50],
[128.00,1.50],
[128.00,1.50],
[128.00,1.50],
[110.00,27.50],
[128.00,1.50],
[128.00,1.50],
[128.00,1.50],
[128.00,1.50],
[128.00,1.50],
[128.00,1.50],
tot = 146
time: 8.286s