[92.00,1.00],
[92.00,1.00],
[92.00,1.00],
[92.00,1.00],
[92.00,1.00],
[92.00,1.00],
[92.00,1.00],
[92.00,1.00],
[92.00,1.00],
[92.00,1.00],
[92.00,1.00],
[92.00,1.00],
[92.00,1.00],
[92.00,1.00],
[92.00,1.00],
[92.00,1.00],
[92.00,1.00],
[92.00,1.00],
[92.00,1.00],
[92.00,1.00],
[92.00,1.00],
[92.00,1.00],
[92.00,1.00],
[92.00,1.00],
[92.00,1.00],
[92.00,1.00],
[92.00,1.00],
[92.00,1.00],
[92.00,1.00],
[92.00,1.00],
[92.00,1.00],
[92.00,1.00],
[92.00,1.00],
[92.00,1.00],
[92.00,1.00],
[92.00,1.00],
[92.00,1.00],
[92.00,1.00],
[92.00,1.00],
[92.00,1.00],
[92.00,1.00],
[92.00,1.00],
[92.00,1.00],
[92.00,1.00],
[92.00,1.00],
[92.00,1.00],
[92.00,1.00],
[92.00,1.00],
[92.00,1.00],
[92.00,1.00],
[92.00,1.00],
[92.00,1.00],
[92.00,1.00],
[92.00,1.00],
[92.00,1.00],
[92.00,1.00],
[92.00,1.00],
[92.00,1.00],
[92.00,1.00],
[92.00,1.00],
tot = 60
time: 84.273
