[31662.00,2587.00],
[31662.00,2587.00],
[31662.00,2587.00],
[31534.00,2628.50],
[31534.00,2628.50],
[31534.00,2628.50],
[31534.00,2628.50],
[31534.00,2628.50],
[31534.00,2628.50],
[31534.00,2628.50],
[31534.00,2628.50],
[31534.00,2628.50],
[31534.00,2628.50],
[31534.00,2628.50],
[31534.00,2628.50],
[31534.00,2628.50],
[31534.00,2628.50],
[31534.00,2628.50],
[31534.00,2628.50],
[31534.00,2628.50],
[31534.00,2628.50],
[31534.00,2628.50],
[31534.00,2628.50],
[31534.00,2628.50],
[31534.00,2628.50],
[31534.00,2628.50],
[31534.00,2628.50],
[31534.00,2628.50],
[31534.00,2628.50],
[31534.00,2628.50],
[31534.00,2628.50],
[31534.00,2628.50],
[31534.00,2628.50],
[31534.00,2628.50],
[31534.00,2628.50],
[31534.00,2628.50],
[31534.00,2628.50],
[31534.00,2628.50],
[31534.00,2628.50],
[31534.00,2628.50],
[31534.00,2628.50],
[31534.00,2628.50],
[31534.00,2628.50],
[31534.00,2628.50],
[31534.00,2628.50],
[31534.00,2628.50],
[31534.00,2628.50],
[31534.00,2628.50],
[31534.00,2628.50],
[31534.00,2628.50],
[31534.00,2628.50],
[31534.00,2628.50],
[31534.00,2628.50],
[31662.00,2587.00],
[31534.00,2628.50],
[31534.00,2628.50],
[31534.00,2628.50],
[31534.00,2628.50],
[31662.00,2587.00],
[31662.00,2587.00],
[31534.00,2628.50],
[31534.00,2628.50],
[31662.00,2587.00],
[31534.00,2628.50],
[31662.00,2587.00],
[31534.00,2628.50],
[31662.00,2587.00],
[31534.00,2628.50],
[31534.00,2628.50],
[31534.00,2628.50],
[31534.00,2628.50],
[31534.00,2628.50],
[31534.00,2628.50],
[31534.00,2628.50],
[31662.00,2587.00],
[31534.00,2628.50],
[31534.00,2628.50],
tot = 77
time: 9.489s