[81.00,13.00],
[95.00,7.50],
[95.00,7.50],
[95.00,7.50],
[95.00,7.50],
[95.00,7.50],
[95.00,7.50],
[95.00,7.50],
[95.00,7.50],
[95.00,7.50],
[95.00,7.50],
[95.00,7.50],
[81.00,13.00],
[95.00,7.50],
[95.00,7.50],
[95.00,7.50],
[95.00,7.50],
[95.00,7.50],
[79.00,13.50],
[95.00,7.50],
[79.00,13.50],
[79.00,13.50],
[79.00,13.50],
[79.00,13.50],
[79.00,13.50],
[81.00,13.00],
[79.00,13.50],
[79.00,13.50],
[79.00,13.50],
[79.00,13.50],
[79.00,13.50],
[79.00,13.50],
[79.00,13.50],
[79.00,13.50],
[79.00,13.50],
[79.00,13.50],
[79.00,13.50],
[95.00,7.50],
[79.00,13.50],
[79.00,13.50],
[79.00,13.50],
[79.00,13.50],
[79.00,13.50],
[79.00,13.50],
[95.00,7.50],
tot = 45
time: 144.137s